{
  "camera_angle_x": 1.2403996476371602,
  "camera_angle_y": 0.965483804230864,
  "fl_x": 985.7034952001318,
  "fl_y": 976.9111435999506,
  "k1": 0.05124242267779009,
  "k2": -0.05487577198020224,
  "p1": -0.003106954369297895,
  "p2": -0.00035883917841573614,
  "cx": 707.1212067897177,
  "cy": 550.0283236265685,
  "w": 1408.0,
  "h": 1024.0,
  "aabb_scale": 16,
  "frames": [
    {
      "file_path": "test/images/Image_20230629180114820.bmp",
      "sharpness": 15.278986839623247,
      "transform_matrix": [
        [
          0.738579610272893,
          0.14622287565373937,
          -0.6581177933438684,
          -2.2415757014898676
        ],
        [
          -0.6624985675575011,
          -0.023409950103896637,
          -0.7486972834332798,
          -1.8190069387959118
        ],
        [
          -0.1248831744824234,
          0.988974643184942,
          0.07958233384049701,
          0.12055478073812477
        ],
        [
          0.0,
          0.0,
          0.0,
          1.0
        ]
      ]
    },
    {
      "file_path": "test/images/Image_20230629180123822.bmp",
      "sharpness": 12.372244805313102,
      "transform_matrix": [
        [
          0.23991487466318942,
          0.0850640670382178,
          -0.9670599554347047,
          -3.528165513850535
        ],
        [
          -0.9625462790361137,
          -0.10873069605109498,
          -0.24835920850646293,
          -0.7329828279355546
        ],
        [
          -0.1262755464395089,
          0.9904250300887826,
          0.05579198989217517,
          -0.29034452727227616
        ],
        [
          0.0,
          0.0,
          0.0,
          1.0
        ]
      ]
    },
    {
      "file_path": "test/images/Image_20230629180117822.bmp",
      "sharpness": 12.408680237273584,
      "transform_matrix": [
        [
          0.424240971730814,
          0.16387871008505653,
          -0.8905971964231993,
          -3.2469276640095415
        ],
        [
          -0.9053097866083661,
          0.05413508256245072,
          -0.4212880049408617,
          -0.5335504946673076
        ],
        [
          -0.020827582065758278,
          0.9849939904425432,
          0.1713273200877787,
          0.3062895968698226
        ],
        [
          0.0,
          0.0,
          0.0,
          1.0
        ]
      ]
    },
    {
      "file_path": "test/images/Image_20230629180115824.bmp",
      "sharpness": 29.84800303805463,
      "transform_matrix": [
        [
          0.7172411305715419,
          0.13770245630402253,
          -0.6830835923482611,
          -2.6568489928355215
        ],
        [
          -0.6962145844934953,
          0.1005884792689605,
          -0.7107511591104785,
          -1.6157761768458438
        ],
        [
          -0.029161840662553836,
          0.9853527243365021,
          0.16801665299277996,
          0.4466887175852439
        ],
        [
          0.0,
          0.0,
          0.0,
          1.0
        ]
      ]
    },
    {
      "file_path": "test/images/Image_20230629180119820.bmp",
      "sharpness": 37.115621984724186,
      "transform_matrix": [
        [
          0.35284075031919115,
          0.2251759263071319,
          -0.9081845666586856,
          -3.3157293010913724
        ],
        [
          -0.9356459296370204,
          0.09359419329485286,
          -0.3403040131046672,
          -0.7262035777927465
        ],
        [
          0.008372530502377469,
          0.969812316473844,
          0.24370878428918893,
          0.12624825592805203
        ],
        [
          0.0,
          0.0,
          0.0,
          1.0
        ]
      ]
    },
    {
      "file_path": "test/images/Image_20230629180113820.bmp",
      "sharpness": 39.07950584836303,
      "transform_matrix": [
        [
          0.4312034303545285,
          0.06133723409587471,
          -0.9001673985182228,
          -2.0430850119920083
        ],
        [
          -0.9013230947840066,
          -0.016043004635760406,
          -0.43285020597340396,
          -2.356332770151262
        ],
        [
          -0.04099122415962648,
          0.997988159101509,
          0.04836686702865131,
          -0.448348891144428
        ],
        [
          0.0,
          0.0,
          0.0,
          1.0
        ]
      ]
    },
    {
      "file_path": "test/images/Image_20230629180120822.bmp",
      "sharpness": 44.49926687903605,
      "transform_matrix": [
        [
          0.27074776393289335,
          0.23144921571336746,
          -0.9344126009756696,
          -3.2231598752639563
        ],
        [
          -0.9626502998585678,
          0.0648735803201534,
          -0.2628608353456932,
          -0.7199031217859923
        ],
        [
          -0.00022024326096273914,
          0.9706815539162309,
          0.24036903371850588,
          0.11811423491058269
        ],
        [
          0.0,
          0.0,
          0.0,
          1.0
        ]
      ]
    },
    {
      "file_path": "test/images/Image_20230629180118824.bmp",
      "sharpness": 38.35277313221637,
      "transform_matrix": [
        [
          0.28173361968929667,
          0.18302587850574364,
          -0.9418745645387592,
          -3.176755944406535
        ],
        [
          -0.9594821400739049,
          0.049143794344599846,
          -0.27745073500820916,
          -0.7261106631203161
        ],
        [
          -0.004493374618839432,
          0.9818790227241453,
          0.18945552066356786,
          0.16826120128847008
        ],
        [
          0.0,
          0.0,
          0.0,
          1.0
        ]
      ]
    },
    {
      "file_path": "test/images/Image_20230629180122821.bmp",
      "sharpness": 39.537599703719884,
      "transform_matrix": [
        [
          0.265855975985668,
          0.13713579748437663,
          -0.9542087680754885,
          -3.5608827618697414
        ],
        [
          -0.9632928634346061,
          -0.00045502678291788805,
          -0.26845232762366616,
          -0.7061854573491742
        ],
        [
          -0.037248614581178036,
          0.9905521520798601,
          0.1319809634486411,
          -0.39598251228545667
        ],
        [
          0.0,
          0.0,
          0.0,
          1.0
        ]
      ]
    },
    {
      "file_path": "test/images/Image_20230629180126822.bmp",
      "sharpness": 21.37497222619825,
      "transform_matrix": [
        [
          -0.25553232428645506,
          0.25766732943718185,
          -0.9318319476046005,
          -3.713759487331424
        ],
        [
          -0.9666728749708601,
          -0.08375544054674976,
          0.24192680499352023,
          1.3092105764083695
        ],
        [
          -0.01570936152520897,
          0.9625967865678251,
          0.27048224052765124,
          0.44156023609128287
        ],
        [
          0.0,
          0.0,
          0.0,
          1.0
        ]
      ]
    },
    {
      "file_path": "test/images/Image_20230629180121825.bmp",
      "sharpness": 21.52915885223582,
      "transform_matrix": [
        [
          0.24662941335167768,
          0.20948574684018467,
          -0.9461974711082922,
          -3.4092028948477124
        ],
        [
          -0.9690396227215563,
          0.04155305127067002,
          -0.24338355229090947,
          -0.7316141502611343
        ],
        [
          -0.011667993191137111,
          0.9769283831438245,
          0.21324819374141346,
          -0.24143123890226575
        ],
        [
          0.0,
          0.0,
          0.0,
          1.0
        ]
      ]
    },
    {
      "file_path": "test/images/Image_20230629180116820.bmp",
      "sharpness": 23.767543530679976,
      "transform_matrix": [
        [
          0.6980623193685157,
          0.1852853944448673,
          -0.6916489867514941,
          -3.1365737702394454
        ],
        [
          -0.7066202724796008,
          0.022118263767894306,
          -0.7072471795127426,
          -0.7139859874124319
        ],
        [
          -0.11574449790227194,
          0.9824358019760864,
          0.14636634241534333,
          0.894852787034953
        ],
        [
          0.0,
          0.0,
          0.0,
          1.0
        ]
      ]
    },
    {
      "file_path": "test/images/Image_20230629180125823.bmp",
      "sharpness": 25.152868087224512,
      "transform_matrix": [
        [
          -0.03717560158106908,
          0.14743581329345987,
          -0.9883727311073952,
          -3.7402419387000245
        ],
        [
          -0.9988287413656478,
          -0.03613410469725582,
          0.03217874919296572,
          0.5086369973321876
        ],
        [
          -0.030969663687716167,
          0.9884113553715026,
          0.14860643490384093,
          0.7392763170845208
        ],
        [
          0.0,
          0.0,
          0.0,
          1.0
        ]
      ]
    },
    {
      "file_path": "test/images/Image_20230629180124827.bmp",
      "sharpness": 35.773125387912934,
      "transform_matrix": [
        [
          0.21538863065161568,
          0.2052718800268884,
          -0.9547100046859036,
          -3.3394617691121065
        ],
        [
          -0.967903316616239,
          -0.08477619755948619,
          -0.23659282747078378,
          -0.6310579166843946
        ],
        [
          -0.12950253846507523,
          0.9750263850731179,
          0.1804235043818873,
          0.6964132644449712
        ],
        [
          0.0,
          0.0,
          0.0,
          1.0
        ]
      ]
    },
    {
      "file_path": "test/images/Image_20230629180127824.bmp",
      "sharpness": 68.06309229842863,
      "transform_matrix": [
        [
          -0.5895076650358737,
          0.1329945099946898,
          -0.7967390872590184,
          -3.335112349332578
        ],
        [
          -0.8062727532498336,
          -0.1567635869527799,
          0.5703940963690027,
          2.4106396445107263
        ],
        [
          -0.04904039383374834,
          0.9786407094068268,
          0.19964318584771248,
          0.5391803535406094
        ],
        [
          0.0,
          0.0,
          0.0,
          1.0
        ]
      ]
    },
    {
      "file_path": "test/images/Image_20230629180128821.bmp",
      "sharpness": 134.23491039855043,
      "transform_matrix": [
        [
          -0.6817626892682563,
          0.14897132715040118,
          -0.7162451948878074,
          -2.9098117753386883
        ],
        [
          -0.7314964199300733,
          -0.15301602903223158,
          0.6644539731905241,
          2.9248547396245006
        ],
        [
          -0.010612405318599753,
          0.9769307235098985,
          0.21329261193691396,
          0.5446994853593526
        ],
        [
          0.0,
          0.0,
          0.0,
          1.0
        ]
      ]
    },
    {
      "file_path": "test/images/Image_20230629180132823.bmp",
      "sharpness": 76.41746658874168,
      "transform_matrix": [
        [
          -0.9060746270255979,
          0.17581728085856135,
          -0.38485978486071426,
          -1.4958905308767227
        ],
        [
          -0.41480754181450097,
          -0.18971680027561144,
          0.8899113657814329,
          2.973921002289735
        ],
        [
          0.08344742959828509,
          0.9659688501375832,
          0.24482791313166405,
          0.5897924896854325
        ],
        [
          0.0,
          0.0,
          0.0,
          1.0
        ]
      ]
    },
    {
      "file_path": "test/images/Image_20230629180133826.bmp",
      "sharpness": 49.372982341630184,
      "transform_matrix": [
        [
          -0.7440896169723635,
          0.19525805412716796,
          -0.6389091752381577,
          -0.692655036901984
        ],
        [
          -0.6679589020163752,
          -0.23562805345832905,
          0.7059109898850549,
          3.2748271996288136
        ],
        [
          -0.01271011902609491,
          0.9520261092604203,
          0.30575274349038883,
          0.5566248484620526
        ],
        [
          0.0,
          0.0,
          0.0,
          1.0
        ]
      ]
    },
    {
      "file_path": "test/images/Image_20230629180129822.bmp",
      "sharpness": 101.92347439833382,
      "transform_matrix": [
        [
          -0.6668160009546752,
          0.15262580659422895,
          -0.7294256535270647,
          -2.458818457175138
        ],
        [
          -0.7450100073089778,
          -0.1598958016614601,
          0.6476059153686727,
          3.3686161749803696
        ],
        [
          -0.01779072443480688,
          0.9752633981462848,
          0.2203288323196419,
          0.5622546589347622
        ],
        [
          0.0,
          0.0,
          0.0,
          1.0
        ]
      ]
    },
    {
      "file_path": "test/images/Image_20230629180130826.bmp",
      "sharpness": 83.35181147345746,
      "transform_matrix": [
        [
          -0.6983846861707073,
          0.14614945519688105,
          -0.7006419676689425,
          -2.403518264889642
        ],
        [
          -0.7155658255999154,
          -0.12208991237535932,
          0.6877932847372594,
          3.466647345965647
        ],
        [
          0.014979297413223132,
          0.9816997453565273,
          0.18984528070780848,
          0.6057608064734702
        ],
        [
          0.0,
          0.0,
          0.0,
          1.0
        ]
      ]
    },
    {
      "file_path": "test/images/Image_20230629180134821.bmp",
      "sharpness": 102.69260337134274,
      "transform_matrix": [
        [
          -0.9966687264462286,
          -0.0006714741240798226,
          0.08155365618820137,
          0.19553317848120985
        ],
        [
          0.07783666961567962,
          -0.306382736657599,
          0.9487207553022757,
          3.045505750697896
        ],
        [
          0.024349590929210966,
          0.9519081719328952,
          0.30541435725919086,
          1.008615952394014
        ],
        [
          0.0,
          0.0,
          0.0,
          1.0
        ]
      ]
    },
    {
      "file_path": "test/images/Image_20230629180131821.bmp",
      "sharpness": 78.45345928991013,
      "transform_matrix": [
        [
          -0.8402316989884879,
          0.0960592681157167,
          -0.5336509243082985,
          -2.3099708876120117
        ],
        [
          -0.5358448603464663,
          -0.2976638758886308,
          0.7901053743844638,
          2.5770300267992434
        ],
        [
          -0.08295165850349273,
          0.949825686108737,
          0.3015794892738527,
          1.0060113812168354
        ],
        [
          0.0,
          0.0,
          0.0,
          1.0
        ]
      ]
    },
    {
      "file_path": "test/images/Image_20230629180136826.bmp",
      "sharpness": 86.91619094091705,
      "transform_matrix": [
        [
          -0.8781620115089211,
          -0.02472912596582738,
          0.4777237191753009,
          1.0018885513652938
        ],
        [
          0.4782729208366156,
          -0.06480407479807862,
          0.875817015753838,
          3.0728339608802377
        ],
        [
          0.009300254324660686,
          0.9975915507910332,
          0.06873574798406819,
          0.08583224614108194
        ],
        [
          0.0,
          0.0,
          0.0,
          1.0
        ]
      ]
    },
    {
      "file_path": "test/images/Image_20230629180140822.bmp",
      "sharpness": 40.64749731024877,
      "transform_matrix": [
        [
          -0.3143453082684538,
          -0.18893351793108443,
          0.9303177698845193,
          2.938606296429832
        ],
        [
          0.9489214772308479,
          -0.09052450678906727,
          0.3022471566791033,
          0.43097991834659205
        ],
        [
          0.02711193867985042,
          0.9778084881324823,
          0.20773902692604476,
          -0.0007929936311126041
        ],
        [
          0.0,
          0.0,
          0.0,
          1.0
        ]
      ]
    },
    {
      "file_path": "test/images/Image_20230629180137822.bmp",
      "sharpness": 119.57203511350143,
      "transform_matrix": [
        [
          -0.8135996966907182,
          -0.10632334921399335,
          0.5716212723016879,
          1.9010513889999907
        ],
        [
          0.5809124114634161,
          -0.1073581374752517,
          0.8068550058874177,
          2.4910593533931396
        ],
        [
          -0.024419331420483723,
          0.9885188797999502,
          0.14911110127391308,
          0.2172888004063396
        ],
        [
          0.0,
          0.0,
          0.0,
          1.0
        ]
      ]
    },
    {
      "file_path": "test/images/Image_20230629180135824.bmp",
      "sharpness": 134.61211999617942,
      "transform_matrix": [
        [
          -0.87863437185107,
          0.02624455915348948,
          0.4767733882127068,
          0.752750298032798
        ],
        [
          0.46758422690357504,
          -0.15508913702611937,
          0.8702369506792161,
          2.6498213924169027
        ],
        [
          0.09678135846458058,
          0.9875518126572606,
          0.12399510458965944,
          1.0521123007988895
        ],
        [
          0.0,
          0.0,
          0.0,
          1.0
        ]
      ]
    },
    {
      "file_path": "test/images/Image_20230629180139826.bmp",
      "sharpness": 64.1630886525728,
      "transform_matrix": [
        [
          -0.5666106405321805,
          -0.15870675520884808,
          0.8085570776870988,
          2.410333444946027
        ],
        [
          0.8220254744103471,
          -0.17651973014148442,
          0.541400872082048,
          1.2507774474234137
        ],
        [
          0.056802301481931466,
          0.9714180102886717,
          0.23047895310471436,
          0.2712398809163429
        ],
        [
          0.0,
          0.0,
          0.0,
          1.0
        ]
      ]
    },
    {
      "file_path": "test/images/Image_20230629180138824.bmp",
      "sharpness": 78.49674756348485,
      "transform_matrix": [
        [
          -0.7513781807905815,
          -0.15664964108314866,
          0.6410083613896681,
          2.192926838982125
        ],
        [
          0.6570561438486767,
          -0.08796835379368081,
          0.7486913867285488,
          1.8573589796718148
        ],
        [
          -0.06089378669363814,
          0.9837288542431292,
          0.16902511074601112,
          0.6535289263817039
        ],
        [
          0.0,
          0.0,
          0.0,
          1.0
        ]
      ]
    },
    {
      "file_path": "test/images/Image_20230629180141824.bmp",
      "sharpness": 92.11201099856234,
      "transform_matrix": [
        [
          -0.17321059722831436,
          -0.15327460573870544,
          0.9728848771743579,
          3.2187643460296718
        ],
        [
          0.9847531323736504,
          -0.04310513254590956,
          0.16853253640904012,
          -0.054050200062747945
        ],
        [
          0.016104573510271957,
          0.9872430515202152,
          0.15840391386640917,
          0.1653628409195977
        ],
        [
          0.0,
          0.0,
          0.0,
          1.0
        ]
      ]
    },
    {
      "file_path": "test/images/Image_20230629180142826.bmp",
      "sharpness": 350.0410066768451,
      "transform_matrix": [
        [
          0.21410471959041066,
          -0.0949503018200097,
          0.9721849665698967,
          3.513279683037874
        ],
        [
          0.9754306969400185,
          0.07366805409729826,
          -0.20762459698361355,
          -0.9549275872746138
        ],
        [
          -0.05190495656099924,
          0.9927524656131316,
          0.10839011714423054,
          0.26581115866479726
        ],
        [
          0.0,
          0.0,
          0.0,
          1.0
        ]
      ]
    },
    {
      "file_path": "test/images/Image_20230629180143822.bmp",
      "sharpness": 238.61613177007632,
      "transform_matrix": [
        [
          0.11591704630224996,
          -0.06887463143765767,
          0.9908680656434535,
          3.5984467455066893
        ],
        [
          0.9923665227955656,
          0.05030859665063191,
          -0.11259542414176071,
          -0.9757364579176847
        ],
        [
          -0.042094213509117816,
          0.9963560258454242,
          0.07418050243596709,
          0.31371001529059545
        ],
        [
          0.0,
          0.0,
          0.0,
          1.0
        ]
      ]
    },
    {
      "file_path": "test/images/Image_20230629180144823.bmp",
      "sharpness": 366.7234337621653,
      "transform_matrix": [
        [
          0.10690236412653864,
          -0.049378260126370074,
          0.9930426335068195,
          3.6823764549515494
        ],
        [
          0.9934267590880426,
          0.04641837821560418,
          -0.10463559858691757,
          -1.1937035607023103
        ],
        [
          -0.04092870474083589,
          0.9977009179016714,
          0.05401591929691414,
          0.2121606138849401
        ],
        [
          0.0,
          0.0,
          0.0,
          1.0
        ]
      ]
    },
    {
      "file_path": "test/images/Image_20230629180149822.bmp",
      "sharpness": 222.44945642660707,
      "transform_matrix": [
        [
          0.12445686324098214,
          -0.03134667054361541,
          0.9917297391069585,
          3.6704870295775494
        ],
        [
          0.992164170926224,
          -0.007137438919578729,
          -0.12473698287167664,
          -1.5506701518522055
        ],
        [
          0.010988499544288722,
          0.9994830880022886,
          0.03021274013169888,
          0.35390929118231435
        ],
        [
          0.0,
          0.0,
          0.0,
          1.0
        ]
      ]
    },
    {
      "file_path": "test/images/Image_20230629180145826.bmp",
      "sharpness": 481.1023067126188,
      "transform_matrix": [
        [
          0.08475863011119468,
          -0.03146436971388187,
          0.9959045978663278,
          3.7134450998007322
        ],
        [
          0.9961747212347923,
          0.02399995732304654,
          -0.08402337068492624,
          -1.2681844898969505
        ],
        [
          -0.021257925446780603,
          0.9992166909525166,
          0.03337821323398337,
          0.3131146616119779
        ],
        [
          0.0,
          0.0,
          0.0,
          1.0
        ]
      ]
    },
    {
      "file_path": "test/images/Image_20230629180146822.bmp",
      "sharpness": 450.0926159171853,
      "transform_matrix": [
        [
          0.09619589867678725,
          -0.03275235856180034,
          0.9948234175357529,
          3.7171305848357368
        ],
        [
          0.9952075770758757,
          0.020793488999277635,
          -0.09554846595305728,
          -1.3292653331586948
        ],
        [
          -0.017556412171828944,
          0.9992471735336416,
          0.03459564376872112,
          0.2781925330994641
        ],
        [
          0.0,
          0.0,
          0.0,
          1.0
        ]
      ]
    },
    {
      "file_path": "test/images/Image_20230629180150823.bmp",
      "sharpness": 298.35718743931045,
      "transform_matrix": [
        [
          0.43344185624071085,
          -0.009509524964213485,
          0.9011313590063728,
          3.3413468851535324
        ],
        [
          0.8935824071753339,
          0.13411853833325457,
          -0.42839549397964943,
          -1.8441039908476229
        ],
        [
          -0.11678458307163787,
          0.9909196670777901,
          0.0666301324200727,
          0.4071601875471537
        ],
        [
          0.0,
          0.0,
          0.0,
          1.0
        ]
      ]
    },
    {
      "file_path": "test/images/Image_20230629180153830.bmp",
      "sharpness": 195.4947969147411,
      "transform_matrix": [
        [
          0.5967829745903759,
          -0.011279359688047575,
          0.8023234118952288,
          3.1922525846534646
        ],
        [
          0.7992388511581543,
          0.09706224479875339,
          -0.5931240843482932,
          -2.126120852695517
        ],
        [
          -0.07118525152613735,
          0.9952143973390006,
          0.0669399976502941,
          0.40472246603362455
        ],
        [
          0.0,
          0.0,
          0.0,
          1.0
        ]
      ]
    },
    {
      "file_path": "test/images/Image_20230629180154832.bmp",
      "sharpness": 182.9189348844266,
      "transform_matrix": [
        [
          0.8153395428596941,
          -0.0028502462879237585,
          0.57897608407995,
          2.8234787487548676
        ],
        [
          0.5734348490363463,
          0.14208112372299292,
          -0.8068366799992768,
          -2.756398425301089
        ],
        [
          -0.07996188938268863,
          0.9898509132030847,
          0.11747878901512872,
          0.3981517119449167
        ],
        [
          0.0,
          0.0,
          0.0,
          1.0
        ]
      ]
    },
    {
      "file_path": "test/images/Image_20230629180151833.bmp",
      "sharpness": 406.72858627460573,
      "transform_matrix": [
        [
          0.5285331330278018,
          -0.0008743866472929653,
          0.848912223219172,
          3.1979159502578742
        ],
        [
          0.8435468314986982,
          0.11279831548597365,
          -0.5250764545206865,
          -2.1407001020025875
        ],
        [
          -0.09529674893393456,
          0.9936175197039967,
          0.0603552331698889,
          0.42182990954278515
        ],
        [
          0.0,
          0.0,
          0.0,
          1.0
        ]
      ]
    },
    {
      "file_path": "test/images/Image_20230629180147824.bmp",
      "sharpness": 471.5386463311877,
      "transform_matrix": [
        [
          0.0959787655278127,
          -0.04007226921714204,
          0.994576437383601,
          3.71622266560802
        ],
        [
          0.99533063605183,
          0.014149924964879063,
          -0.0954814356832162,
          -1.3530449323109934
        ],
        [
          -0.010247024164877615,
          0.9990965883508811,
          0.04124324953837851,
          0.2942363174756339
        ],
        [
          0.0,
          0.0,
          0.0,
          1.0
        ]
      ]
    },
    {
      "file_path": "test/images/Image_20230629180148827.bmp",
      "sharpness": 466.4408880611026,
      "transform_matrix": [
        [
          0.07310488037105052,
          -0.05385523417601318,
          0.9958691129907038,
          3.7738217957265507
        ],
        [
          0.9972372529103083,
          -0.009242149469081144,
          -0.07370511570490662,
          -1.3934492876635773
        ],
        [
          0.013173377460159258,
          0.9985059821634166,
          0.05303079955322027,
          0.3169773687703772
        ],
        [
          0.0,
          0.0,
          0.0,
          1.0
        ]
      ]
    },
    {
      "file_path": "test/images/Image_20230629180152822.bmp",
      "sharpness": 476.4719339499539,
      "transform_matrix": [
        [
          0.5482445563686422,
          0.004212386737611031,
          0.8363074567413792,
          3.1773719070186726
        ],
        [
          0.8313592319194246,
          0.10598981746519699,
          -0.5455345874424642,
          -2.026022721963508
        ],
        [
          -0.09093807734585257,
          0.9943582927611442,
          0.0546063338530725,
          0.4546318462175536
        ],
        [
          0.0,
          0.0,
          0.0,
          1.0
        ]
      ]
    },
    {
      "file_path": "test/images/Image_20230629180156830.bmp",
      "sharpness": 330.20204832726165,
      "transform_matrix": [
        [
          0.8528735403453336,
          0.021402523898740422,
          0.5216786905181106,
          1.6774664347948234
        ],
        [
          0.5164162790069722,
          0.11267331549641292,
          -0.8488927793023213,
          -3.5094438652762237
        ],
        [
          -0.07694771568098867,
          0.9934015582517532,
          0.08504347773672716,
          0.5549143330909201
        ],
        [
          0.0,
          0.0,
          0.0,
          1.0
        ]
      ]
    },
    {
      "file_path": "test/images/Image_20230629180157833.bmp",
      "sharpness": 192.46957948554518,
      "transform_matrix": [
        [
          0.885081595851753,
          0.04838640964160679,
          0.4629139488475358,
          1.5751391070384795
        ],
        [
          0.46154947846861955,
          0.03701586156641135,
          -0.8863418668424855,
          -3.548615939443255
        ],
        [
          -0.06002205929924814,
          0.9981425656415984,
          0.01042933569197437,
          1.5318665312030264
        ],
        [
          0.0,
          0.0,
          0.0,
          1.0
        ]
      ]
    },
    {
      "file_path": "test/images/Image_20230629180155830.bmp",
      "sharpness": 266.5680042998014,
      "transform_matrix": [
        [
          0.8335695802108911,
          0.03432445688582504,
          0.5513470654657028,
          2.024932173247207
        ],
        [
          0.5422411195288175,
          0.13982248766975658,
          -0.8285072360782109,
          -3.3124846907979157
        ],
        [
          -0.10552877916719525,
          0.9895814790064507,
          0.09793964042193316,
          0.7293374729603228
        ],
        [
          0.0,
          0.0,
          0.0,
          1.0
        ]
      ]
    },
    {
      "file_path": "test/images/Image_20230629180203833.bmp",
      "sharpness": 40.151623117098126,
      "transform_matrix": [
        [
          0.9925981178035176,
          0.06661610254392858,
          0.10154443069849231,
          1.004186165256121
        ],
        [
          0.0867727554257804,
          0.1959657063553321,
          -0.9767640098040334,
          -3.510641345330003
        ],
        [
          -0.08496743752660435,
          0.9783454077195509,
          0.18873472850887643,
          0.15176149383455756
        ],
        [
          0.0,
          0.0,
          0.0,
          1.0
        ]
      ]
    },
    {
      "file_path": "test/images/Image_20230629180205830.bmp",
      "sharpness": 38.184242868333676,
      "transform_matrix": [
        [
          0.9797597624482689,
          0.10372251573041291,
          -0.17120878367938852,
          -0.15714419681896818
        ],
        [
          -0.19209940948396673,
          0.2466711416190266,
          -0.9498690250599068,
          -3.0739761018908522
        ],
        [
          -0.056290538768208255,
          0.9635325565929425,
          0.26160349313750464,
          0.3852424416112273
        ],
        [
          0.0,
          0.0,
          0.0,
          1.0
        ]
      ]
    },
    {
      "file_path": "test/images/Image_20230629180207829.bmp",
      "sharpness": 16.79035046983324,
      "transform_matrix": [
        [
          0.904316976071627,
          0.14291428012267618,
          -0.4022266964247848,
          -1.8903971812235538
        ],
        [
          -0.4263650454275115,
          0.25697902104527004,
          -0.8672800186676687,
          -2.2151680418356645
        ],
        [
          -0.020582876847156775,
          0.9557914475822015,
          0.2933241447622505,
          0.5679179192588444
        ],
        [
          0.0,
          0.0,
          0.0,
          1.0
        ]
      ]
    },
    {
      "file_path": "test/images/Image_20230629180208831.bmp",
      "sharpness": 14.021330373606094,
      "transform_matrix": [
        [
          0.7462736168235012,
          0.2913280384070717,
          -0.5985011803348156,
          -1.903913014294218
        ],
        [
          -0.6624521467838007,
          0.23717243884848443,
          -0.7105676515801828,
          -1.4064514790413558
        ],
        [
          -0.06506029549666932,
          0.9267562831079623,
          0.36998641821138745,
          0.48520927735751146
        ],
        [
          0.0,
          0.0,
          0.0,
          1.0
        ]
      ]
    },
    {
      "file_path": "test/images/Image_20230629180206833.bmp",
      "sharpness": 43.458697812758246,
      "transform_matrix": [
        [
          0.877073943103105,
          0.2003013649199504,
          -0.4366012614868243,
          -1.321176556988709
        ],
        [
          -0.4750640294674887,
          0.22716214610005542,
          -0.8501244187089972,
          -2.480397288530829
        ],
        [
          -0.07110180186985308,
          0.953035530597855,
          0.2943939727304487,
          0.1669586669558671
        ],
        [
          0.0,
          0.0,
          0.0,
          1.0
        ]
      ]
    },
    {
      "file_path": "test/images/Image_20230629180210507.bmp",
      "sharpness": 18.661479289096995,
      "transform_matrix": [
        [
          0.6225679941199919,
          0.25758845242726475,
          -0.7389568876901053,
          -2.1862799798810095
        ],
        [
          -0.7825215652850082,
          0.19488240368325654,
          -0.5913381846274751,
          -1.4789699514073402
        ],
        [
          -0.008312193347993425,
          0.9463979278834834,
          0.3228960661430935,
          1.0842595481374768
        ],
        [
          0.0,
          0.0,
          0.0,
          1.0
        ]
      ]
    },
    {
      "file_path": "test/images/Image_20230629180210830.bmp",
      "sharpness": 20.70112372446403,
      "transform_matrix": [
        [
          0.6901580134468451,
          0.24580849213192696,
          -0.6806321338741229,
          -2.2993419218943516
        ],
        [
          -0.7236367403308068,
          0.2417494909738615,
          -0.6464573084568412,
          -1.7298966796624695
        ],
        [
          0.005637775685082381,
          0.9386881105038404,
          0.34472140443428473,
          2.09968359238103
        ],
        [
          0.0,
          0.0,
          0.0,
          1.0
        ]
      ]
    },
    {
      "file_path": "test/images/Image_20230629180204830.bmp",
      "sharpness": 78.17924882998028,
      "transform_matrix": [
        [
          0.987104698998174,
          0.15617830197659632,
          -0.03510913269423556,
          0.8526158609445785
        ],
        [
          -0.07049977409430218,
          0.2272384953583112,
          -0.9712839173382435,
          -3.438365580297657
        ],
        [
          -0.1437153264602901,
          0.9612341047895249,
          0.23531872156924555,
          0.6723127877130253
        ],
        [
          0.0,
          0.0,
          0.0,
          1.0
        ]
      ]
    },
    {
      "file_path": "test/images/Image_20230629180202830.bmp",
      "sharpness": 59.589946702972746,
      "transform_matrix": [
        [
          0.9308267266730016,
          0.023612633072203456,
          0.36469720106100734,
          1.4339223363199394
        ],
        [
          0.3556930147539844,
          0.17063896527216,
          -0.9188932597348014,
          -3.4522954450096703
        ],
        [
          -0.08392904240134191,
          0.9850506520385593,
          0.15043646084342105,
          0.9959099056648334
        ],
        [
          0.0,
          0.0,
          0.0,
          1.0
        ]
      ]
    },
    {
      "file_path": "test/images/Image_20230629180158828.bmp",
      "sharpness": 238.98803897223505,
      "transform_matrix": [
        [
          0.9013556476781797,
          0.061599093354417114,
          0.42867650750615344,
          1.7924311921776601
        ],
        [
          0.42771672090168716,
          0.02867413676238837,
          -0.9034579129887682,
          -3.4226360917330076
        ],
        [
          -0.06794411712703637,
          0.9976890024300873,
          -0.0005013671069928917,
          2.018609268081027
        ],
        [
          0.0,
          0.0,
          0.0,
          1.0
        ]
      ]
    },
    {
      "file_path": "test/images/Image_20230629180211832.bmp",
      "sharpness": 19.81231620081091,
      "transform_matrix": [
        [
          0.5538012830339182,
          0.3779482700146653,
          -0.741929406408735,
          -2.433504537958877
        ],
        [
          -0.8233949195157234,
          0.11610626908617197,
          -0.5554638969317138,
          -1.8212322051281062
        ],
        [
          -0.12379396359750908,
          0.9185175226760722,
          0.3755004861580356,
          2.529646832683127
        ],
        [
          0.0,
          0.0,
          0.0,
          1.0
        ]
      ]
    },
    {
      "file_path": "test/images/Image_20230629180159831.bmp",
      "sharpness": 262.304263721289,
      "transform_matrix": [
        [
          0.8761361425023343,
          0.060638565360123124,
          0.4782346957125809,
          1.8069300486223308
        ],
        [
          0.4786547524289938,
          0.008343040718208678,
          -0.8779635651031844,
          -3.4392823716034195
        ],
        [
          -0.057228382565506275,
          0.9981249210663624,
          -0.021715297978507804,
          2.1200012092680587
        ],
        [
          0.0,
          0.0,
          0.0,
          1.0
        ]
      ]
    },
    {
      "file_path": "test/images/Image_20230629180202007.bmp",
      "sharpness": 198.04008622325136,
      "transform_matrix": [
        [
          0.8765446744940155,
          0.04074620842807837,
          0.4795927231579168,
          1.7317767149459136
        ],
        [
          0.4788519887467794,
          0.026961879571110486,
          -0.8774815268273334,
          -3.4635328106803698
        ],
        [
          -0.04868476642885955,
          0.9988056885800286,
          0.004121889012729817,
          1.9756217638244793
        ],
        [
          0.0,
          0.0,
          0.0,
          1.0
        ]
      ]
    },
    {
      "file_path": "test/images/Image_20230629180212835.bmp",
      "sharpness": 32.974555961479325,
      "transform_matrix": [
        [
          0.39989769890313154,
          0.5104203165786817,
          -0.7612837387116635,
          -2.614112810900734
        ],
        [
          -0.9131564846761268,
          0.15036098543550921,
          -0.3788625193296136,
          -1.3943309376466204
        ],
        [
          -0.07891175390730383,
          0.8466774323635978,
          0.5262226340747321,
          2.542398049892607
        ],
        [
          0.0,
          0.0,
          0.0,
          1.0
        ]
      ]
    },
    {
      "file_path": "test/images/Image_20230629180200833.bmp",
      "sharpness": 333.10208889545265,
      "transform_matrix": [
        [
          0.8530560294703654,
          0.056492057514046456,
          0.5187524053083462,
          1.736726799466276
        ],
        [
          0.5192878894917812,
          0.005899112539898916,
          -0.8545790123203318,
          -3.4973406492850145
        ],
        [
          -0.051337105533554306,
          0.9983856208400451,
          -0.02430336779883246,
          2.093057129448571
        ],
        [
          0.0,
          0.0,
          0.0,
          1.0
        ]
      ]
    },
    {
      "file_path": "test/images/Image_20230629180213831.bmp",
      "sharpness": 35.35006435570878,
      "transform_matrix": [
        [
